$MeshFormat
4.1 0 8
$EndMeshFormat
$Entities
4 4 1 0
1 0 0 0 0 
2 1 0 0 0 
3 1 1 0 0 
4 0 1 0 0 
1 0 0 0 0 1 0 0 2 4 -1 
2 0 0 0 1 0 0 0 2 1 -2 
3 1 0 0 1 1 0 0 2 2 -3 
4 0 1 0 1 1 0 0 2 3 -4 
1 0 0 0 1 1 0 0 4 1 2 3 4 
$EndEntities
$Nodes
9 525 1 525
0 1 0 1
1
0 0 0
0 2 0 1
2
1 0 0
0 3 0 1
3
1 1 0
0 4 0 1
4
0 1 0
1 1 0 19
5
6
7
8
9
10
11
12
13
14
15
16
17
18
19
20
21
22
23
0 0.8999999999995836 0
0 0.7999999999999998 0
0 0.7000000000006934 0
0 0.6000000000013869 0
0 0.5000000000020587 0
0 0.4000000000016644 0
0 0.3000000000012483 0
0 0.2000000000008322 0
0 0.100000000000416 0
0 0.9499999999998356 0
0 0.8499999999998515 0
0 0.7500000000003858 0
0 0.6500000000010593 0
0 0.5500000000016854 0
0 0.4500000000018616 0
0 0.3500000000014563 0
0 0.2500000000010403 0
0 0.1500000000006241 0
0 0.05000000000020799 0
1 2 0 19
24
25
26
27
28
29
30
31
32
33
34
35
36
37
38
39
40
41
42
0.09999999999981467 0 0
0.1999999999995579 0 0
0.2999999999992664 0 0
0.3999999999989749 0 0
0.4999999999986943 0 0
0.5999999999989468 0 0
0.69999999999921 0 0
0.7999999999994734 0 0
0.8999999999997368 0 0
0.04999999999989927 0 0
0.1499999999997036 0 0
0.2499999999994121 0 0
0.3499999999991207 0 0
0.4499999999988346 0 0
0.5499999999988205 0 0
0.6499999999990784 0 0
0.7499999999993416 0 0
0.8499999999996051 0 0
0.9499999999998684 0 0
1 3 0 19
43
44
45
46
47
48
49
50
51
52
53
54
55
56
57
58
59
60
61
1 0.09999999999981467 0
1 0.1999999999995579 0
1 0.2999999999992664 0
1 0.3999999999989749 0
1 0.4999999999986943 0
1 0.5999999999989468 0
1 0.69999999999921 0
1 0.7999999999994734 0
1 0.8999999999997368 0
1 0.04999999999989927 0
1 0.1499999999997036 0
1 0.2499999999994121 0
1 0.3499999999991207 0
1 0.4499999999988346 0
1 0.5499999999988205 0
1 0.6499999999990784 0
1 0.7499999999993416 0
1 0.8499999999996051 0
1 0.9499999999998684 0
1 4 0 19
62
63
64
65
66
67
68
69
70
71
72
73
74
75
76
77
78
79
80
0.8999999999995836 1 0
0.7999999999999998 1 0
0.7000000000006934 1 0
0.6000000000013869 1 0
0.5000000000020587 1 0
0.4000000000016644 1 0
0.3000000000012483 1 0
0.2000000000008322 1 0
0.100000000000416 1 0
0.9499999999998356 1 0
0.8499999999998515 1 0
0.7500000000003858 1 0
0.6500000000010593 1 0
0.5500000000016854 1 0
0.4500000000018616 1 0
0.3500000000014563 1 0
0.2500000000010403 1 0
0.1500000000006241 1 0
0.05000000000020799 1 0
2 1 0 445
81
82
83
84
85
86
87
88
89
90
91
92
93
94
95
96
97
98
99
100
101
102
103
104
105
106
107
108
109
110
111
112
113
114
115
116
117
118
119
120
121
122
123
124
125
126
127
128
129
130
131
132
133
134
135
136
137
138
139
140
141
142
143
144
145
146
147
148
149
150
151
152
153
154
155
156
157
158
159
160
161
162
163
164
165
166
167
168
169
170
171
172
173
174
175
176
177
178
179
180
181
182
183
184
185
186
187
188
189
190
191
192
193
194
195
196
197
198
199
200
201
202
203
204
205
206
207
208
209
210
211
212
213
214
215
216
217
218
219
220
221
222
223
224
225
226
227
228
229
230
231
232
233
234
235
236
237
238
239
240
241
242
243
244
245
246
247
248
249
250
251
252
253
254
255
256
257
258
259
260
261
262
263
264
265
266
267
268
269
270
271
272
273
274
275
276
277
278
279
280
281
282
283
284
285
286
287
288
289
290
291
292
293
294
295
296
297
298
299
300
301
302
303
304
305
306
307
308
309
310
311
312
313
314
315
316
317
318
319
320
321
322
323
324
325
326
327
328
329
330
331
332
333
334
335
336
337
338
339
340
341
342
343
344
345
346
347
348
349
350
351
352
353
354
355
356
357
358
359
360
361
362
363
364
365
366
367
368
369
370
371
372
373
374
375
376
377
378
379
380
381
382
383
384
385
386
387
388
389
390
391
392
393
394
395
396
397
398
399
400
401
402
403
404
405
406
407
408
409
410
411
412
413
414
415
416
417
418
419
420
421
422
423
424
425
426
427
428
429
430
431
432
433
434
435
436
437
438
439
440
441
442
443
444
445
446
447
448
449
450
451
452
453
454
455
456
457
458
459
460
461
462
463
464
465
466
467
468
469
470
471
472
473
474
475
476
477
478
479
480
481
482
483
484
485
486
487
488
489
490
491
492
493
494
495
496
497
498
499
500
501
502
503
504
505
506
507
508
509
510
511
512
513
514
515
516
517
518
519
520
521
522
523
524
525
0.4571901578618877 0.9100604954141385 0
0.08660254040602557 0.4499999993944754 0
0.5394257194422871 0.09236792751526623 0
0.9133974600567252 0.5499999999988205 0
0.08660253950891962 0.6499999992218353 0
0.9166917275379972 0.3500000000670709 0
0.34907979994097 0.08885430226486135 0
0.6500000000010401 0.9133974596221568 0
0.08613067101545616 0.2508173022478255 0
0.9204077427334127 0.7459788042060589 0
0.2413274329315529 0.9103703872492378 0
0.7499999999993416 0.08660253994351497 0
0.8494067680894735 0.9170502600525955 0
0.9153227957599017 0.1504237369634424 0
0.08467720409411995 0.8495762628618475 0
0.1591825619140822 0.09056972480979841 0
0.0866025397686091 0.549999999058552 0
0.1732050805569904 0.4999999994124557 0
0.1732050808227534 0.3999999994057878 0
0.2598076213182417 0.4499999999746596 0
0.2598076204405851 0.5499999997855298 0
0.3464101607883379 0.5000000000204026 0
0.3464101614596395 0.4000000006769444 0
0.4330127016079396 0.4500000012293535 0
0.4330127005686335 0.5500000008871184 0
0.5196152415593678 0.5000000019924579 0
0.5196152407451344 0.6000000018866803 0
0.5196152420500511 0.4000000020895282 0
0.6062177816508347 0.4500000026235014 0
0.6056633948450678 0.350960229547875 0
0.4330126991071805 0.6500000005453757 0
0.5196152395643521 0.7000000017170456 0
0.6062177800594752 0.6500000030478051 0
0.519615242284987 0.3000000024607725 0
0.6913020788532788 0.402629676826526 0
0.6928203221638038 0.3000000033409403 0
0.6925672808919413 0.5004382817751872 0
0.7764219824675623 0.4510863589568068 0
0.4314315334024857 0.7472613416993477 0
0.3461466311622686 0.6995435564340251 0
0.6051814828497851 0.7482050833116916 0
0.6926476037954429 0.6997008504296778 0
0.3467945333045251 0.796061098870969 0
0.2615024424347497 0.7463668060018732 0
0.7794228615376798 0.5500000029114147 0
0.6967502776807259 0.8145692091743151 0
0.7785180917253591 0.7489735101532402 0
0.7794228608194078 0.6500000047925589 0
0.5124205888006386 0.8131032746549849 0
0.692820320928373 0.6000000031317145 0
0.6061756074098469 0.5500730490234929 0
0.2598076208642438 0.3500000006545155 0
0.3467816239962071 0.2993566089522679 0
0.2598695311425641 0.2498927689039674 0
0.347590718392454 0.1967141360274515 0
0.2564879489832309 0.1488363720085664 0
0.4404903565742523 0.1475016619472721 0
0.4352414775622719 0.2461396485028425 0
0.5262126010496632 0.200788131054648 0
0.619611352114223 0.1629581816925491 0
0.3463662385202135 0.5999239260626804 0
0.5523346125211404 0.912850668967377 0
0.3483847917483277 0.8975223172745015 0
0.9133974601764412 0.6499999999990813 0
0.91524890658651 0.4500000000966149 0
0.9142673938360073 0.2500706228526248 0
0.8212553899468518 0.1915266800420272 0
0.08628165086832351 0.7499293767102972 0
0.7493595072573467 0.9138450089657841 0
0.0865238955066522 0.350136216773638 0
0.8349712214220312 0.3016944553264193 0
0.1732050799449714 0.599999999026364 0
0.4334460750668441 0.3492493774337641 0
0.1697745195998126 0.1991699963701625 0
0.1725518865106243 0.3000027144602574 0
0.1816790470106477 0.8150096700211867 0
0.2600388481531293 0.6493057139191487 0
0.1748849344975586 0.7017685944475659 0
0.08206476321977615 0.1530394343123753 0
0.1491259414276006 0.9167500072914048 0
0.8522288508291946 0.08362633961980959 0
0.7059135605765963 0.1896406902357342 0
0.9061456554542073 0.8440933911765145 0
0.6116394123721974 0.2507245396241 0
0.6506486287029014 0.07975333764676884 0
0.7999999993791596 0.8380531208892017 0
0.6000000001749827 0.8392304869459153 0
0.7669806250372652 0.3522047995339758 0
0.419244321394262 0.8328017051209256 0
0.2529500622448071 0.06565207983688848 0
0.8464101601545403 0.6000000026632036 0
0.8464101597102075 0.5000000029188356 0
0.846410158028047 0.7000000056246038 0
0.844635480027278 0.4004239468823698 0
0.275937649576888 0.833066056041593 0
0.4499999999988347 0.06525626391512951 0
0.7598076205948014 0.2578183028336678 0
0.07320508066861817 0.07320508028233685 0
0.9267949189501977 0.9267949194122449 0
0.07320508069214059 0.9267949192475989 0
0.9267949192859098 0.07320508071396992 0
0.8502963295918362 0.7754197664693309 0
0.6522298672680007 0.2753622714825201 0
0.6587764864743968 0.2201826149299171 0
0.6993669413701999 0.2448203467883372 0
0.8011144254142681 0.08511443978166233 0
0.8367421203880232 0.1375765098309184 0
0.7856276949730967 0.139064609992771 0
0.1952266871795768 0.9135601972703216 0
0.1654024942191242 0.8658798386562956 0
0.2115032399711003 0.8626900286352122 0
0.763584475261724 0.1905836851388807 0
0.727956780287969 0.1381216150896245 0
0.5323776006608893 0.8629769718111808 0
0.504762385191514 0.9114555821907577 0
0.4848053733312632 0.8615818850345616 0
0.228808348293768 0.8240378630313897 0
0.2586325412542206 0.8717182216454155 0
0.6156253822432103 0.2068413606583246 0
0.6627624563454096 0.1762994359641417 0
0.7230548924690363 0.8642071090700496 0
0.6996797536291934 0.9136212342939705 0
0.6733751388408831 0.8639833343982359 0
0.6782810946397488 0.1346970139412516 0
0.7003243143511215 0.0831779387951419 0
0.5328191602459751 0.1465780292849571 0
0.4833514788119577 0.17414489650096 0
0.4899580380082698 0.1199347947312692 0
0.2131312342915217 0.1740031841893643 0
0.1644785407569474 0.1448698605899804 0
0.2078352554486565 0.1197030484091823 0
0.6351299904085623 0.1213557596696589 0
0.4382172396280749 0.871431100267532 0
0.4658324550974503 0.8229524898879552 0
0.7483751385299428 0.8263111650317583 0
0.7746797533182531 0.8759490649274929 0
0.4452451782865435 0.1063789629312009 0
0.4947128597205609 0.07881209571519787 0
0.2060663120794446 0.0781109023233435 0
0.2547190056140189 0.1072442259227274 0
0.3020393336878424 0.172775254018009 0
0.3027838744621004 0.1188453371367139 0
0.348335259166712 0.1427842191461564 0
0.3947850782576112 0.1181779821060666 0
0.394040537483353 0.1721078989873618 0
0.6250000000880114 0.8763139732840363 0
0.6483751389278543 0.8268998480601151 0
0.5795185357782551 0.1276630546039077 0
0.5729119765819431 0.1818731563735985 0
0.1169015727608602 0.8831631350766262 0
0.1331781255523838 0.8322929664415173 0
0.8837758232945482 0.117025038291626 0
0.8682890928533767 0.1709752085027347 0
0.312161220662608 0.8652941866580472 0
0.3113660914407065 0.8145635774562809 0
0.3475896625264264 0.8467917080727352 0
0.1259196414097944 0.1761047153412689 0
0.1206236625669292 0.121804579561087 0
0.3830194273493935 0.8144314019959473 0
0.383814556571295 0.8651620111977134 0
0.8247033837343165 0.8775516904708986 0
0.8530728274166834 0.8410732560328581 0
0.8777762117718405 0.8805718256145552 0
0.7892590455522593 0.793513315521221 0
0.7376341847030425 0.7817713596637776 0
0.5562102944878107 0.8261668808004501 0
0.5761673063480616 0.876040577956646 0
0.434343776314558 0.2976945129683033 0
0.3901138495315256 0.3243029931930159 0
0.3910115507792395 0.2727481287275553 0
0.4807270393059675 0.2234638897787453 0
0.5229139216673251 0.2503940667577103 0
0.4774283599236295 0.2730698254818076 0
0.2948561123399405 0.9039463522618697 0
0.4765306586759155 0.3246246899472682 0
0.391416097977363 0.2214268922651469 0
0.3471861711943305 0.2480353724898596 0
0.4378659170682622 0.1968206552250573 0
0.8251481644854979 0.8067364436792663 0
0.8782209925230219 0.8097565788229226 0
0.3010149310928886 0.07725319105087491 0
0.7328605905856989 0.223729496534701 0
0.7263139713793026 0.278909153087304 0
0.5689260067109303 0.225756335339374 0
0.5656273273285922 0.2753622710424363 0
0.1305832926829411 0.7258489855789317 0
0.1782819907541032 0.7583891322343763 0
0.1339803489394856 0.7824695233657419 0
0.7361215908738904 0.6250000039621367 0
0.7361215912330263 0.5750000030215646 0
0.7794228611785439 0.6000000038519868 0
0.04330126988430459 0.5749999995299695 0
0.08660253963876441 0.5999999991401936 0
0.04330126975445981 0.6249999996116111 0
0.6061966945303408 0.5000365258234971 0
0.5628954244846074 0.5250365255079754 0
0.5629165116051013 0.4750000023079797 0
0.1299038098567903 0.5749999990424581 0
0.1299038097269455 0.6249999991240996 0
0.3899281182632418 0.3746246890553542 0
0.3465958927279233 0.3496783048146063 0
0.6493714441508941 0.5252556653993401 0
0.649392531271388 0.4752191421993444 0
0.08632728326105418 0.3004767595107318 0
0.04326194775332613 0.3250681083874432 0
0.04306533550772808 0.2754086511245368 0
0.374192395874996 0.9487611586372507 0
0.4027874748051078 0.90379140634432 0
0.4285950789317761 0.9550302477070691 0
0.04326194775332613 0.3750681083876512 0
0.6495190504939241 0.6250000030897598 0
0.692733962361908 0.6498504267806962 0
0.6494326919274591 0.6748504267387414 0
0.7360352323074253 0.6748504276111184 0
0.2581787400628974 0.1993645704562669 0
0.303730124767509 0.2233034524657094 0
0.2206637164661925 0.955185193624619 0
0.2706637164664005 0.9551851936246188 0
0.5628954240774906 0.5750365254550867 0
0.5196152411522511 0.5500000019395691 0
0.476313970656884 0.5750000013868994 0
0.4763139710640006 0.5250000014397882 0
0.3891130333535054 0.7716612202851583 0
0.3464705822333968 0.747802327652497 0
0.3887890822823771 0.7234024490666865 0
0.2598076208794133 0.4999999998800947 0
0.2165063504987877 0.5249999995989927 0
0.2165063509376159 0.4749999996935576 0
0.5761673062612636 0.9564253344836883 0
0.6011673062610903 0.9131240642947669 0
0.6250000000012135 0.9566987298110784 0
0.5261673062615995 0.9564253344836886 0
0.4763139699261575 0.6250000012160281 0
0.433012699837907 0.6000000007162472 0
0.7746797536286733 0.9569225044828918 0
0.7993831376734102 0.91544763450919 0
0.8247033840447366 0.9585251300262977 0
0.5160179141824953 0.7565516381860152 0
0.4719260611015621 0.7801823081771664 0
0.4755233864834189 0.7236306717081967 0
0.6926938009101571 0.5502191424534508 0
0.7359950712148107 0.525219142343301 0
0.3033255775693856 0.2746246889281176 0
0.2181936884661541 0.7240677002247193 0
0.2215907447226987 0.7806882380115299 0
0.2165063501927783 0.5749999994059469 0
0.1732050802509809 0.5499999992194098 0
0.3032946224302254 0.3246783048033917 0
0.3031088911619417 0.3750000006657299 0
0.957624453293255 0.4750000000476546 0
0.957624453293255 0.4250000000477949 0
0.3041484878696372 0.771213952436421 0
0.3038245367985091 0.7229551812179491 0
0.5196152401547433 0.650000001801863 0
0.4763139693357663 0.6750000011312107 0
0.9159703170622536 0.4000000000818429 0
0.9583458637689986 0.3750000000330229 0
0.9571336969180035 0.2250353114260913 0
0.9147950947979544 0.2002471799080336 0
0.9576613978799509 0.1752118684815001 0
0.04330127020301277 0.4249999996980699 0
0.04330127020301278 0.474999999698267 0
0.04306533550772808 0.2254086511243288 0
0.3895796651347246 0.6747717784897005 0
0.4322221162548331 0.6986306711223618 0
0.08656321795633891 0.4000681080840567 0
0.3031088910532898 0.4749999999975311 0
0.3031088906144616 0.5249999999029662 0
0.4785950789319732 0.9550302477070692 0
0.8747033840445285 0.958525130026298 0
0.9583458637689986 0.3250000000331686 0
0.04330126975445981 0.6749999996112642 0
0.6750000000008667 0.9566987298110783 0
0.6946989407380844 0.7571350298019964 0
0.6509658802652556 0.7813871462430033 0
0.648914543322614 0.7239529668706847 0
0.8677613918914295 0.220798651447326 0
0.2165063510704976 0.4249999996902237 0
0.1732050806898719 0.4499999994091217 0
0.1299038101627997 0.5249999992355038 0
0.08547942748122173 0.7997528197860724 0
0.6056996314546301 0.6991025431797484 0
0.4763139715836537 0.4750000016109057 0
0.4330127010882866 0.5000000010582359 0
0.1299038106143895 0.4249999994001318 0
0.129903810481508 0.4749999994034655 0
0.9143231833216177 0.5000000000477177 0
0.9566987300283625 0.5249999999987573 0
0.3896894688136972 0.6249619633040281 0
0.3896894695444235 0.5749619634748995 0
0.2598385760034039 0.2999463847792414 0
0.9571336969180035 0.2750353114259456 0
0.1293412787630403 0.2754100083540414 0
0.1295378910086382 0.3250694656169478 0
0.08644209518862156 0.6999646879660661 0
0.04314082543416174 0.7249646883554953 0
0.5623983612070687 0.7241025425143686 0
0.5629165098119137 0.6750000023824254 0
0.7789704762723835 0.6994867574728996 0
0.7355828477604009 0.724337180291459 0
0.7779224220026211 0.5005431809341108 0
0.7344946316797518 0.4757623203659971 0
0.72467975362902 0.9569225044828922 0
0.5629165104023048 0.6250000024672427 0
0.6494979641691099 0.5750365260776037 0
0.69193467987261 0.4515339793008566 0
0.6487599302520568 0.4263148397250136 0
0.9566987300283627 0.5749999999988837 0
0.5697128597206169 0.04618396375763312 0
0.5197128597204907 0.04618396375763312 0
0.9602038713667065 0.7729894021027661 0
0.9602038713667064 0.7229894021026344 0
0.7749999999994075 0.04330126997175743 0
0.7249999999992758 0.04330126997175743 0
0.3745398999699724 0.04442715113243068 0
0.3245398999701182 0.04442715113243068 0
0.04233860204705996 0.8247881314309237 0
0.04233860204705998 0.8747881314307155 0
0.9576613978799509 0.1252118684816286 0
0.3897114306784857 0.5250000004537605 0
0.3897114311981389 0.475000000624878 0
0.4763139718289954 0.4250000016594409 0
0.5196152418047094 0.4500000020409931 0
0.3463881996542756 0.5499619630415414 0
0.1298644881647029 0.3750681080897129 0
0.04330126988430459 0.5249999995303054 0
0.9566987300882206 0.624999999999014 0
0.9133974601165831 0.5999999999989509 0
0.9169026014549269 0.6979894021025701 0
0.9566987300882206 0.6749999999991456 0
0.5588010358252118 0.7806541789833382 0
0.2598076210912427 0.4000000003145876 0
0.3031088913889406 0.425000000325802 0
0.9154795606870022 0.3000353114598479 0
0.7338620306604206 0.4268580178916663 0
0.17959128095682 0.04528486240489915 0
0.1295912809569484 0.04528486240489915 0
0.3462564348412411 0.6497337412483528 0
0.216179753687434 0.3250013575573865 0
0.2162107088265942 0.2749477416821124 0
0.04314082543416176 0.7749646883551485 0
0.3241923958747881 0.9487611586372507 0
0.606196693734661 0.6000365260356491 0
0.3464101611239887 0.4500000003486735 0
0.1728784836666888 0.3500013569330227 0
0.2165063508434986 0.3750000000301516 0
0.5629165118504429 0.4250000023565148 0
0.3030869294803994 0.5749619629241052 0
0.5626393184475594 0.3754801158187016 0
0.6059405882479513 0.4004801160856881 0
0.5196152421675191 0.3500000022751504 0
0.5626393185650274 0.3254801160043237 0
0.6484827368491732 0.3767949531872005 0
0.6492418585044358 0.3254801164444077 0
0.6920612005085414 0.3513148400837331 0
0.2599232342968571 0.5996528568523393 0
0.2166219640490503 0.6246528564727564 0
0.3897114315337896 0.4250000009531489 0
0.3032025433366714 0.6246148199909145 0
0.2148220253711883 0.224531382637065 0
0.08660254008731735 0.4999999992265138 0
0.8746193076290192 0.2758825390895221 0
0.8281133056844414 0.2466105676842232 0
0.1307437370032392 0.6758842968347003 0
0.4765306585584476 0.3746246897616461 0
0.1711632030552184 0.2495863554152099 0
0.1279525953076344 0.2249936493089939 0
0.3030927396576991 0.6744246351765869 0
0.4332293883373919 0.3996246893315587 0
0.8758314744800142 0.325847227696745 0
0.2607706452939395 0.6978362599605111 0
0.2174618913253439 0.6755371541833574 0
0.174045007221265 0.650884296736965 0
0.5950371740725943 0.08606063258101759 0
0.08409771711761616 0.2019283682801004 0
0.04103238160988808 0.1265197171563957 0
0.04103238160988808 0.1765197171566038 0
0.8761144254144657 0.04181316980990479 0
0.826114425414334 0.04181316980990479 0
0.1245629707140083 0.9583750036457024 0
0.1745629707142164 0.9583750036457025 0
0.9530728277271038 0.8720466955881256 0
0.9530728277271037 0.8220466955879939 0
0.6086514036086326 0.3008423845859876 0
0.7633941228160332 0.3050115511838218 0
0.7299004736005346 0.3261024014374581 0
0.6253243143509242 0.03987666882338448 0
0.6753243143510557 0.03987666882338448 0
0.3995398999699024 0.07705528308999543 0
0.6025907415123839 0.7937177851288034 0
0.9132766990938102 0.7950360976912867 0
0.729141351945272 0.3774172381802509 0
0.4253379273983738 0.7900315234101367 0
0.2764750311220368 0.03282603991844424 0
0.2264750311221825 0.03282603991844424 0
0.8806636037826376 0.3752119734747204 0
0.8398033507246545 0.3510592011043945 0
0.2687200460058188 0.7897164310217328 0
0.4749999999987645 0.03262813195756475 0
0.4249999999989048 0.03262813195756475 0
0.9633974594750989 0.9633974597061224 0
0.9633974594750989 0.9133974597059908 0
0.9133974594748908 0.9633974597061224 0
0.03660254034607024 0.9633974596237993 0
0.08660254034627823 0.9633974596237992 0
0.9633974596429549 0.0866025403568923 0
0.9633974596429549 0.03660254035698496 0
0.9133974596428234 0.03660254035698496 0
0.03660254034607025 0.9133974596235912 0
0.03660254033430908 0.03660254014116848 0
0.03660254033430908 0.08660254014137636 0
0.08660254033421641 0.03660254014116848 0
0.7973894210084163 0.2797563790800435 0
0.8009759232296481 0.3269496274301975 0
0.7905315052708266 0.2246724914378475 0
0.8058080525322715 0.3763143732081728 0
0.7717013037524137 0.4016455792453912 0
0.8105287312474201 0.4257551529195883 0
0.8455228198687428 0.4502119749006027 0
0.8114160710888849 0.4755431809378212 0
0.879903809102244 0.6750000028118426 0
0.8464101590912936 0.6500000041439037 0
0.8799038101654906 0.6250000013311424 0
0.8129165094237274 0.6750000052085814 0
0.8129165104869739 0.6250000037278813 0
0.8129165108461101 0.5750000027873092 0
0.8834089503807299 0.7229894049153314 0
0.8799038098834664 0.5250000014588281 0
0.8808295331483588 0.4750000015077253 0
0.8799038101056327 0.5750000013310121 0
0.8129165106239437 0.5250000029151252 0
0.8124641248767031 0.724486757888922 0
0.8464101599323739 0.5500000027910197 0
0.879942193306894 0.4252119734894924 0
0.8853520361626245 0.7606992853376948 0
0.9164702872022026 0.8854441552943797 0
0.07763492194419716 0.113122257297356 0
0.8895118850575523 0.07841571016688975 0
0.1111655110598706 0.9217724632695018 0
0.8881008435198356 0.9219225897324204 0
0.9210588575229057 0.1118144088387061 0
0.07894114239313021 0.8881855910547231 0
0.1161938212913502 0.08188740254606761 0
0.8144072106585976 0.7621966383112855 0
0.8483532438099416 0.7377098860469673 0
$EndNodes
$Elements
9 286 1 286
0 1 15 1
1 1 
0 2 15 1
2 2 
0 3 15 1
3 3 
0 4 15 1
4 4 
1 1 8 10
5 4 5 14 
6 5 6 15 
7 6 7 16 
8 7 8 17 
9 8 9 18 
10 9 10 19 
11 10 11 20 
12 11 12 21 
13 12 13 22 
14 13 1 23 
1 2 8 10
15 1 24 33 
16 24 25 34 
17 25 26 35 
18 26 27 36 
19 27 28 37 
20 28 29 38 
21 29 30 39 
22 30 31 40 
23 31 32 41 
24 32 2 42 
1 3 8 10
25 2 43 52 
26 43 44 53 
27 44 45 54 
28 45 46 55 
29 46 47 56 
30 47 48 57 
31 48 49 58 
32 49 50 59 
33 50 51 60 
34 51 3 61 
1 4 8 10
35 3 62 71 
36 62 63 72 
37 63 64 73 
38 64 65 74 
39 65 66 75 
40 66 67 76 
41 67 68 77 
42 68 69 78 
43 69 70 79 
44 70 4 80 
2 1 9 242
45 116 164 162 183 184 185 
46 92 161 147 186 187 188 
47 91 160 156 189 190 191 
48 147 162 92 192 193 188 
49 129 142 81 194 195 196 
50 156 175 91 197 198 191 
51 162 164 140 184 199 200 
52 126 149 88 201 202 203 
53 162 165 92 204 205 193 
54 83 139 137 206 207 208 
55 136 154 96 209 210 211 
56 140 165 162 212 204 200 
57 81 169 129 213 214 196 
58 126 166 149 215 216 201 
59 137 176 83 217 218 208 
60 96 170 136 219 220 211 
61 135 136 87 221 222 223 
62 87 137 135 224 225 223 
63 88 167 126 226 227 203 
64 83 140 139 228 229 206 
65 156 160 95 190 230 231 
66 147 161 94 187 232 233 
67 143 175 123 234 235 236 
68 154 159 96 237 238 210 
69 123 169 143 239 240 236 
70 93 166 163 241 242 243 
71 127 166 126 244 215 245 
72 129 167 142 246 247 194 
73 138 153 133 248 249 250 
74 138 139 114 251 252 253 
75 91 175 143 198 234 254 
76 114 153 138 255 248 253 
77 135 138 133 256 250 257 
78 137 138 135 258 256 225 
79 166 182 163 259 260 242 
80 136 170 87 220 261 222 
81 162 177 116 262 263 185 
82 139 164 114 264 265 252 
83 137 139 138 207 251 258 
84 148 158 156 266 267 268 
85 128 130 125 269 270 271 
86 8 97 85 272 273 274 
87 109 131 106 275 276 277 
88 97 152 85 278 279 273 
89 133 153 103 249 280 281 
90 117 131 109 282 275 283 
91 89 150 11 284 285 286 
92 67 143 81 287 288 289 
93 11 150 10 285 290 20 
94 113 130 122 291 292 293 
95 122 130 128 292 269 294 
96 134 136 135 295 221 296 
97 69 91 68 297 298 78 
98 106 131 107 276 299 300 
99 106 107 105 300 301 302 
100 119 123 120 303 304 305 
101 100 101 98 306 307 308 
102 65 142 88 309 310 311 
103 66 142 65 312 309 75 
104 107 111 105 313 314 301 
105 63 149 93 315 316 317 
106 112 129 119 318 319 320 
107 125 130 117 270 321 322 
108 134 135 133 296 257 323 
109 156 158 124 267 324 325 
110 101 152 98 326 327 307 
111 132 133 103 328 281 329 
112 47 145 46 330 331 56 
113 123 124 120 332 333 304 
114 107 112 111 334 335 313 
115 46 145 86 331 336 337 
116 44 146 94 338 339 340 
117 10 82 9 341 342 19 
118 12 89 11 343 286 21 
119 119 120 111 305 344 345 
120 10 150 82 290 346 341 
121 100 102 101 347 348 306 
122 67 81 66 289 349 76 
123 63 93 62 317 350 72 
124 46 86 45 337 351 55 
125 8 85 7 274 352 17 
126 65 88 64 311 353 74 
127 81 142 66 195 312 349 
128 122 126 121 354 355 356 
129 146 147 94 357 233 339 
130 99 100 98 358 308 359 
131 98 152 97 327 278 360 
132 148 156 95 268 231 361 
133 113 122 121 293 356 362 
134 104 106 105 363 302 364 
135 82 99 98 365 359 366 
136 84 145 47 367 330 368 
137 112 119 111 320 345 335 
138 111 141 105 369 370 314 
139 132 134 133 371 323 328 
140 45 146 44 372 338 54 
141 89 155 150 373 374 284 
142 85 148 7 375 376 352 
143 113 121 112 362 377 378 
144 122 128 127 294 379 380 
145 118 125 117 381 322 382 
146 64 149 63 383 315 73 
147 107 113 112 384 378 334 
148 130 131 117 385 282 321 
149 115 117 109 386 283 387 
150 48 84 47 388 368 57 
151 29 83 28 389 390 38 
152 50 90 49 391 392 59 
153 31 92 30 393 394 40 
154 27 87 26 395 396 36 
155 6 95 5 397 398 15 
156 44 94 43 340 399 53 
157 122 127 126 380 245 354 
158 104 105 102 364 400 401 
159 104 108 106 402 403 363 
160 105 141 102 370 404 400 
161 82 150 99 346 405 365 
162 9 97 8 406 272 18 
163 48 144 84 407 408 388 
164 90 144 49 409 410 392 
165 121 129 112 411 318 377 
166 100 132 103 412 329 413 
167 86 146 45 414 372 351 
168 115 118 117 415 382 386 
169 49 144 48 410 407 58 
170 25 96 24 416 417 34 
171 120 141 111 418 369 344 
172 132 155 134 419 420 371 
173 6 148 95 421 361 397 
174 68 143 67 422 287 77 
175 113 131 130 423 385 291 
176 100 103 102 413 424 347 
177 99 155 132 425 419 426 
178 107 131 113 299 423 384 
179 88 149 64 202 383 353 
180 7 148 6 376 421 16 
181 108 109 106 427 277 403 
182 102 141 101 404 428 348 
183 108 110 109 429 430 427 
184 108 114 110 431 432 429 
185 110 115 109 433 387 430 
186 110 116 115 434 435 433 
187 101 157 152 436 437 326 
188 103 104 102 438 401 424 
189 141 157 101 439 436 428 
190 91 143 68 254 422 298 
191 134 154 136 440 209 295 
192 82 98 97 366 360 441 
193 146 151 147 442 443 357 
194 99 132 100 426 412 358 
195 150 155 99 374 425 405 
196 85 158 148 444 266 375 
197 82 97 9 441 406 342 
198 108 153 114 445 255 431 
199 154 155 89 446 373 447 
200 120 157 141 448 439 418 
201 103 153 104 280 449 438 
202 104 153 108 449 445 402 
203 86 151 146 450 442 414 
204 124 157 120 451 448 333 
205 134 155 154 420 446 440 
206 124 158 157 324 452 451 
207 157 158 152 452 453 437 
208 152 158 85 453 444 279 
209 140 164 139 199 264 229 
210 143 169 81 240 213 288 
211 83 165 140 454 212 228 
212 89 159 154 455 237 447 
213 13 159 12 456 457 22 
214 32 161 31 458 459 41 
215 70 160 69 460 461 79 
216 51 163 50 462 463 60 
217 110 164 116 464 183 434 
218 116 177 168 263 465 466 
219 29 165 83 467 454 389 
220 92 165 30 205 468 394 
221 87 176 137 469 217 224 
222 126 167 121 227 470 355 
223 69 160 91 461 189 297 
224 12 159 89 457 455 343 
225 31 161 92 459 186 393 
226 50 163 90 463 471 391 
227 116 168 115 466 472 435 
228 114 164 110 265 464 432 
229 129 169 119 214 473 319 
230 87 170 26 261 474 396 
231 25 170 96 475 219 416 
232 86 174 151 476 477 450 
233 124 175 156 478 197 325 
234 83 176 28 218 479 390 
235 27 176 87 480 469 395 
236 3 179 51 481 482 61 
237 62 179 3 483 481 71 
238 4 180 70 484 485 80 
239 43 181 2 486 487 52 
240 2 181 32 487 488 42 
241 5 180 4 489 484 14 
242 1 178 13 490 491 23 
243 24 178 1 492 490 33 
244 30 165 29 468 467 39 
245 168 177 151 465 493 494 
246 149 166 93 216 241 316 
247 147 177 162 495 262 192 
248 121 167 129 470 246 411 
249 142 167 88 247 226 310 
250 151 174 168 477 496 494 
251 115 168 118 472 497 415 
252 119 169 123 473 239 303 
253 151 177 147 493 495 443 
254 118 174 172 498 499 500 
255 144 173 171 501 502 503 
256 171 173 128 502 504 505 
257 125 171 128 506 505 271 
258 90 173 144 507 501 409 
259 84 172 145 508 509 367 
260 26 170 25 474 475 35 
261 144 171 84 503 510 408 
262 118 172 125 500 511 381 
263 128 173 127 504 512 379 
264 125 172 171 511 513 506 
265 171 172 84 513 508 510 
266 172 174 145 499 514 509 
267 145 174 86 514 476 336 
268 123 175 124 235 478 332 
269 28 176 27 479 480 37 
270 163 182 90 260 515 471 
271 51 179 163 482 516 462 
272 13 178 159 491 517 456 
273 32 181 161 488 518 458 
274 70 180 160 485 519 460 
275 93 179 62 520 483 350 
276 94 181 43 521 486 399 
277 95 180 5 522 489 398 
278 96 178 24 523 492 417 
279 163 179 93 516 520 243 
280 159 178 96 517 523 238 
281 161 181 94 518 521 232 
282 160 180 95 519 522 230 
283 168 174 118 496 498 497 
284 127 182 166 524 259 244 
285 173 182 127 525 524 512 
286 90 182 173 515 525 507 
$EndElements
